[gd_scene load_steps=18 format=3 uid="uid://do5xd2dbuhupc"]

[ext_resource type="Script" uid="uid://c3gq1fnmvdiix" path="res://levels/test_scene.gd" id="1_opnwc"]
[ext_resource type="Script" uid="uid://dxki1qiqxw0l7" path="res://quest_library/save/leveldata.gd" id="2_ltghj"]
[ext_resource type="PackedScene" uid="uid://d0xb5raoo3mwn" path="res://misc/UI.tscn" id="3_wojne"]
[ext_resource type="PackedScene" uid="uid://ccsvsjofwq2k6" path="res://quest_library/player/player_transfer.tscn" id="4_6kqfr"]
[ext_resource type="PackedScene" uid="uid://dxcuwc1g2pei4" path="res://characters/Zero/Zero.tscn" id="5_gd7fn"]
[ext_resource type="PackedScene" uid="uid://iuv1bsukb86w" path="res://quest_library/Pickups/test_item_pickup.tscn" id="7_6kqfr"]
[ext_resource type="Resource" uid="uid://cqaork61lfbqe" path="res://quest_library/item/items/item resources/test_gun.tres" id="8_gd7fn"]
[ext_resource type="Script" uid="uid://cmggf10ug5sb1" path="res://quest_library/inventory/slot_data.gd" id="9_fxg0b"]
[ext_resource type="PackedScene" uid="uid://d1ptnetbv3hfc" path="res://Cinematic/cinematic_trigger.tscn" id="11_mv7bx"]

[sub_resource type="Resource" id="Resource_vyovo"]
script = ExtResource("2_ltghj")
static_list = {}
player_location = Vector3(0, 0, 0)
metadata/_custom_type_script = "uid://dxki1qiqxw0l7"

[sub_resource type="ProceduralSkyMaterial" id="ProceduralSkyMaterial_frhvw"]
sky_horizon_color = Color(0.662243, 0.671743, 0.686743, 1)
ground_horizon_color = Color(0.662243, 0.671743, 0.686743, 1)

[sub_resource type="Sky" id="Sky_bm42f"]
sky_material = SubResource("ProceduralSkyMaterial_frhvw")

[sub_resource type="Environment" id="Environment_v0yx3"]
background_mode = 2
sky = SubResource("Sky_bm42f")
tonemap_mode = 2
glow_enabled = true

[sub_resource type="NavigationMesh" id="NavigationMesh_oa6d3"]
vertices = PackedVector3Array(-1.6515, -0.0374016, 2.9495, -0.401497, -0.0374016, 2.6995, -0.401497, -0.0374016, -86.5505, -103.151, -0.0374016, -86.5505, -103.151, -0.0374016, 4.1995, -1.6515, -0.0374016, 4.1995, 0.848503, -0.0374016, 2.9495, 103.099, -0.0374016, 4.1995, 103.099, -0.0374016, -86.5505, 0.848503, -0.0374016, 4.1995, -0.651497, 1.2126, 3.6995, -0.651497, 1.2126, 4.9495, -0.151497, 1.2126, 4.9495, -0.151497, 1.2126, 3.6995, -0.401497, -0.0374016, 86.4495, -0.401497, -0.0374016, 5.9495, -1.6515, -0.0374016, 5.6995, -103.151, -0.0374016, 86.4495, 0.848503, -0.0374016, 5.6995, 103.099, -0.0374016, 86.4495)
polygons = [PackedInt32Array(1, 0, 2), PackedInt32Array(2, 0, 3), PackedInt32Array(3, 0, 4), PackedInt32Array(0, 5, 4), PackedInt32Array(1, 2, 6), PackedInt32Array(6, 2, 8), PackedInt32Array(6, 8, 7), PackedInt32Array(7, 9, 6), PackedInt32Array(13, 12, 10), PackedInt32Array(10, 12, 11), PackedInt32Array(15, 14, 16), PackedInt32Array(16, 14, 17), PackedInt32Array(16, 17, 4), PackedInt32Array(4, 5, 16), PackedInt32Array(15, 18, 14), PackedInt32Array(14, 18, 19), PackedInt32Array(19, 18, 7), PackedInt32Array(18, 9, 7)]
sample_partition_type = 2
cell_size = 0.01
cell_height = 0.01
agent_radius = 0.07

[sub_resource type="BoxShape3D" id="BoxShape3D_frhvw"]

[sub_resource type="BoxMesh" id="BoxMesh_bm42f"]

[sub_resource type="Resource" id="Resource_mv7bx"]
script = ExtResource("9_fxg0b")
item_data = ExtResource("8_gd7fn")
quantity = 1
metadata/_custom_type_script = "uid://cmggf10ug5sb1"

[node name="HomeTunnel" type="Node3D" groups=["level"]]
script = ExtResource("1_opnwc")
leve_data = SubResource("Resource_vyovo")
scene_name = "Home_tunnel.tres"
metadata/_custom_type_script = "uid://c3gq1fnmvdiix"

[node name="WorldEnvironment" type="WorldEnvironment" parent="."]
environment = SubResource("Environment_v0yx3")

[node name="UI" parent="." instance=ExtResource("3_wojne")]

[node name="player" parent="." instance=ExtResource("4_6kqfr")]
transform = Transform3D(-0.0414418, 0, 0.999141, 0, 1, 0, -0.999141, 0, -0.0414418, -0.443889, 1.05087, 14.2035)

[node name="NavigationRegion3D" type="NavigationRegion3D" parent="."]
transform = Transform3D(1, 0, 0, 0, 1, 0, 0, 0, 1, 0, 0.282375, 0)
navigation_mesh = SubResource("NavigationMesh_oa6d3")

[node name="StaticBody3D" type="StaticBody3D" parent="NavigationRegion3D"]
transform = Transform3D(207.303, 0, 0, 0, 0.203764, 0, 0, 0, 174.101, 0, -0.496221, 0)

[node name="CollisionShape3D" type="CollisionShape3D" parent="NavigationRegion3D/StaticBody3D"]
shape = SubResource("BoxShape3D_frhvw")

[node name="MeshInstance3D" type="MeshInstance3D" parent="NavigationRegion3D/StaticBody3D"]
mesh = SubResource("BoxMesh_bm42f")

[node name="StaticBody3D2" type="StaticBody3D" parent="NavigationRegion3D"]
transform = Transform3D(1.2216, 0, 0, 0, 2.58236, 0, 0, 0, 1.97824, 18.6937, -0.496221, -1.62532)

[node name="CollisionShape3D" type="CollisionShape3D" parent="NavigationRegion3D/StaticBody3D2"]
shape = SubResource("BoxShape3D_frhvw")

[node name="MeshInstance3D" type="MeshInstance3D" parent="NavigationRegion3D/StaticBody3D2"]
mesh = SubResource("BoxMesh_bm42f")

[node name="CSGCombiner3D" type="CSGCombiner3D" parent="NavigationRegion3D"]
transform = Transform3D(1, 0, 0, 0, 1, 0, 0, 0, 1, 0.00157261, 0, -0.00101709)
calculate_tangents = false
use_collision = true

[node name="CSGBox3D10" type="CSGBox3D" parent="NavigationRegion3D/CSGCombiner3D"]
transform = Transform3D(0.965046, -0.0768793, -0.250552, -0.185572, 0.474629, -0.860401, 0.185066, 0.876822, 0.443772, 2.51477, 10.347, 15.5402)
size = Vector3(1.14032, 1.34777, 15.006)

[node name="CSGSphere3D" type="CSGSphere3D" parent="NavigationRegion3D/CSGCombiner3D"]
transform = Transform3D(1, 0, 0, 0, 1, 0, 0, 0, 1, 0, 0.124434, 16.535)
use_collision = true
radius = 8.119
smooth_faces = false

[node name="CSGSphere3D2" type="CSGSphere3D" parent="NavigationRegion3D/CSGCombiner3D"]
transform = Transform3D(1, 0, 0, 0, 1, 0, 0, 0, 1, 0, 0.124434, 16.535)
operation = 2
use_collision = true
radius = 7.34178
smooth_faces = false

[node name="CSGBox3D2" type="CSGBox3D" parent="NavigationRegion3D/CSGCombiner3D"]
transform = Transform3D(1, 0, 0, 0, 1, 0, 0, 0, 1, -0.0133366, 0.197363, 0.337295)
size = Vector3(2.15289, 1.38363, 17.3187)

[node name="CSGBox3D3" type="CSGBox3D" parent="NavigationRegion3D/CSGCombiner3D"]
transform = Transform3D(0.636832, 0, -0.771003, 0, 1, 0, 0.771003, 0, 0.636832, 6.69253, 0.197363, -12.6266)
size = Vector3(2.15289, 1.38363, 16.609)

[node name="CSGBox3D5" type="CSGBox3D" parent="NavigationRegion3D/CSGCombiner3D"]
transform = Transform3D(-4.37114e-08, 0, 1, 0, 1, 0, -1, 0, -4.37114e-08, 20.709, 0.197363, -17.6672)
size = Vector3(2.15289, 1.38363, 16.609)

[node name="CSGBox3D7" type="CSGBox3D" parent="NavigationRegion3D/CSGCombiner3D"]
transform = Transform3D(0.999999, 0.000517758, -0.00115136, -0.000512428, 0.999989, 0.00463094, 0.00115375, -0.00463034, 0.999989, 33.9654, 6.0451, 2.88118)
size = Vector3(14.8071, 16.8907, 60.1052)

[node name="CSGBox3D4" type="CSGBox3D" parent="NavigationRegion3D/CSGCombiner3D"]
transform = Transform3D(0.637424, 0, -0.770513, 0, 1, 0, 0.770513, 0, 0.637424, 6.38878, 0.0732305, -12.3299)
operation = 2
size = Vector3(1.80518, 1.14646, 17.8204)

[node name="CSGBox3D6" type="CSGBox3D" parent="NavigationRegion3D/CSGCombiner3D"]
transform = Transform3D(-4.37114e-08, 0, 1, 0, 1, 0, -1, 0, -4.37114e-08, 21.4205, 0.0732305, -17.5323)
operation = 2
size = Vector3(1.80518, 1.14646, 17.8204)

[node name="CSGBox3D8" type="CSGBox3D" parent="NavigationRegion3D/CSGCombiner3D"]
transform = Transform3D(1, 0, 0, 0, 1, 0, 0, 0, 1, 34.8011, 5.90344, 1.42863)
operation = 2
size = Vector3(11.4301, 12.8069, 55.7423)

[node name="CSGBox3D" type="CSGBox3D" parent="NavigationRegion3D/CSGCombiner3D"]
transform = Transform3D(1, 0, 0, 0, 1, 0, 0, 0, 1, 0.032959, 0.0732305, 1.13605)
operation = 2
size = Vector3(1.80518, 1.14646, 17.6919)

[node name="CSGBox3D9" type="CSGBox3D" parent="NavigationRegion3D/CSGCombiner3D"]
transform = Transform3D(0.965046, -0.0768793, -0.250552, -0.185572, 0.474629, -0.860401, 0.185066, 0.876822, 0.443772, 2.1706, 9.20906, 16.1587)
operation = 2
size = Vector3(0.808352, 1.14646, 17.6982)

[node name="Zero" parent="." instance=ExtResource("5_gd7fn")]
transform = Transform3D(1, 0, 0, 0, 1, 0, 0, 0, 1, 18.8371, 1.42158, -1.80662)

[node name="Paths" type="Node3D" parent="."]
transform = Transform3D(1, 0, 0, 0, 1, 0, 0, 0, 1, -0.238102, 1.42158, 4.17545)

[node name="test_item_pickup" parent="." instance=ExtResource("7_6kqfr")]
transform = Transform3D(1, 0, 0, 0, 1, 0, 0, 0, 1, -57.563, 0.978, -17.571)
slot_data = SubResource("Resource_mv7bx")

[node name="cinematics" type="Node3D" parent="."]

[node name="test cinematic" parent="cinematics" instance=ExtResource("11_mv7bx")]
transform = Transform3D(1, 0, 0, 0, 1, 0, 0, 0, 1, -3.27782, 0.388036, -5.36395)
Cinematic = "Test anim"

[node name="lighting" type="Node" parent="."]

[node name="DirectionalLight3D" type="DirectionalLight3D" parent="lighting"]
transform = Transform3D(-0.866024, -0.433016, 0.250001, 0, 0.499998, 0.866026, -0.500003, 0.749999, -0.43301, 0, 0, 0)
shadow_enabled = true
sky_mode = 2

[node name="SpotLight3D" type="SpotLight3D" parent="lighting"]
transform = Transform3D(0.96263, -0.14293, 0.23003, -0.270819, -0.508049, 0.817645, 0, -0.849387, -0.527771, 1.57464, 7.15289, 17.2404)
spot_range = 14.8065
spot_attenuation = 0.24
spot_angle = 23.8714

[editable path="UI"]
[editable path="UI/questlog"]
[editable path="player"]
